index.html,state1.html,state5.html,state7.html,state9.html,state17.html,state26.html,state41.html,state45.html,state50.html,state57.html,state66.html,state77.html,state86.html,state89.html,state98.html,state101.html,state106.html,state115.html,state118.html,state123.html,state130.html,state139.html,state142.html,state147.html,state154.html,state163.html,state172.html,state175.html,state180.html,state187.html,state194.html,state206.html,state216.html,state219.html,state224.html,state231.html,state241.html,state251.html,state258.html,state267.html,state270.html,state275.html,state282.html,state305.html,state312.html,state321.html,state324.html,state329.html,state336.html,state345.html,state355.html,state362.html,state369.html,state376.html,state385.html,state388.html,state393.html,state400.html,state423.html,state430.html,state437.html,state452.html,state455.html,state460.html,state467.html,state488.html,state495.html,state502.html,state509.html,state518.html,state527.html,state532.html,state539.html,state548.html,state558.html,state565.html,state570.html,state577.html,state606.html,state613.html,state636.html,state643.html,state648.html,state655.html,state664.html,state681.html,state686.html,state707.html,state714.html,state721.html,state750.html,state759.html,state774.html,state779.html,state786.html,state815.html,state824.html,state827.html,state832.html,state841.html,state846.html,state851.html,state858.html,state867.html,state882.html,state891.html,state898.html,state913.html,state918.html,state945.html,state954.html,state957.html,state962.html,state967.html,state972.html,state981.html,state988.html,state1015.html,state1022.html,state1029.html,state1042.html,state1047.html,state1050.html,state1065.html,state1086.html,state1095.html,state1100.html,state1105.html,state1110.html,state1119.html,state1126.html,state1141.html,state1144.html,state1149.html,state1164.html,state1173.html,state1176.html,state1181.html,state1192.html,state1197.html,state1200.html,state1215.html,state1218.html,state1233.html,state1250.html,state1257.html,state1264.html,state1277.html,state1284.html
0.0,0.0,0.12345679012345678,0.35454545454545455,0.0273972602739726,0.30303030303030304,0.5590062111801242,0.30303030303030304,0.3826086956521739,0.4855072463768116,0.3826086956521739,0.4855072463768116,0.3826086956521739,0.31,0.3826086956521739,0.31,0.29,0.5266666666666666,0.31,0.29,0.297029702970297,0.3826086956521739,0.31,0.29,0.297029702970297,0.3611111111111111,0.3826086956521739,0.31,0.29,0.297029702970297,0.3611111111111111,0.0273972602739726,0.3826086956521739,0.31,0.29,0.297029702970297,0.3611111111111111,0.297029702970297,0.3611111111111111,0.29,0.31,0.29,0.297029702970297,0.3611111111111111,0.29,0.3826086956521739,0.31,0.29,0.297029702970297,0.3611111111111111,0.297029702970297,0.3611111111111111,0.29,0.4855072463768116,0.3611111111111111,0.31,0.29,0.297029702970297,0.3611111111111111,0.29,0.3826086956521739,0.3611111111111111,0.31,0.29,0.297029702970297,0.39473684210526316,0.29,0.4855072463768116,0.3611111111111111,0.4855072463768116,0.3611111111111111,0.29,0.297029702970297,0.3611111111111111,0.297029702970297,0.39473684210526316,0.29,0.3826086956521739,0.3611111111111111,0.297029702970297,0.3611111111111111,0.29,0.3826086956521739,0.3611111111111111,0.4855072463768116,0.3611111111111111,0.3611111111111111,0.3611111111111111,0.29,0.5266666666666666,0.3611111111111111,0.3611111111111111,0.297029702970297,0.29,0.3826086956521739,0.39473684210526316,0.3611111111111111,0.297029702970297,0.3611111111111111,0.3611111111111111,0.29,0.3826086956521739,0.3611111111111111,0.5266666666666666,0.39473684210526316,0.3611111111111111,0.297029702970297,0.3611111111111111,0.3826086956521739,0.3611111111111111,0.3611111111111111,0.297029702970297,0.3611111111111111,0.3611111111111111,0.297029702970297,0.297029702970297,0.3611111111111111,0.3611111111111111,0.3611111111111111,0.297029702970297,0.3611111111111111,0.3611111111111111,0.3611111111111111,0.3611111111111111,0.3826086956521739,0.39473684210526316,0.297029702970297,0.3611111111111111,0.297029702970297,0.297029702970297,0.3611111111111111,0.297029702970297,0.4855072463768116,0.3611111111111111,0.3611111111111111,0.3611111111111111,0.297029702970297,0.39473684210526316,0.3611111111111111,0.3611111111111111,0.3611111111111111,0.3611111111111111,0.3826086956521739,0.3611111111111111,0.3611111111111111,0.3611111111111111,0.297029702970297,0.39473684210526316,0.3611111111111111,0.297029702970297
0.0,0.0,0.12345679012345678,0.35454545454545455,0.0273972602739726,0.30303030303030304,0.5590062111801242,0.30303030303030304,0.3826086956521739,0.4855072463768116,0.3826086956521739,0.4855072463768116,0.3826086956521739,0.31,0.3826086956521739,0.31,0.29,0.5266666666666666,0.31,0.29,0.297029702970297,0.3826086956521739,0.31,0.29,0.297029702970297,0.3611111111111111,0.3826086956521739,0.31,0.29,0.297029702970297,0.3611111111111111,0.0273972602739726,0.3826086956521739,0.31,0.29,0.297029702970297,0.3611111111111111,0.297029702970297,0.3611111111111111,0.29,0.31,0.29,0.297029702970297,0.3611111111111111,0.29,0.3826086956521739,0.31,0.29,0.297029702970297,0.3611111111111111,0.297029702970297,0.3611111111111111,0.29,0.4855072463768116,0.3611111111111111,0.31,0.29,0.297029702970297,0.3611111111111111,0.29,0.3826086956521739,0.3611111111111111,0.31,0.29,0.297029702970297,0.39473684210526316,0.29,0.4855072463768116,0.3611111111111111,0.4855072463768116,0.3611111111111111,0.29,0.297029702970297,0.3611111111111111,0.297029702970297,0.39473684210526316,0.29,0.3826086956521739,0.3611111111111111,0.297029702970297,0.3611111111111111,0.29,0.3826086956521739,0.3611111111111111,0.4855072463768116,0.3611111111111111,0.3611111111111111,0.3611111111111111,0.29,0.5266666666666666,0.3611111111111111,0.3611111111111111,0.297029702970297,0.29,0.3826086956521739,0.39473684210526316,0.3611111111111111,0.297029702970297,0.3611111111111111,0.3611111111111111,0.29,0.3826086956521739,0.3611111111111111,0.5266666666666666,0.39473684210526316,0.3611111111111111,0.297029702970297,0.3611111111111111,0.3826086956521739,0.3611111111111111,0.3611111111111111,0.297029702970297,0.3611111111111111,0.3611111111111111,0.297029702970297,0.297029702970297,0.3611111111111111,0.3611111111111111,0.3611111111111111,0.297029702970297,0.3611111111111111,0.3611111111111111,0.3611111111111111,0.3611111111111111,0.3826086956521739,0.39473684210526316,0.297029702970297,0.3611111111111111,0.297029702970297,0.297029702970297,0.3611111111111111,0.297029702970297,0.4855072463768116,0.3611111111111111,0.3611111111111111,0.3611111111111111,0.297029702970297,0.39473684210526316,0.3611111111111111,0.3611111111111111,0.3611111111111111,0.3611111111111111,0.3826086956521739,0.3611111111111111,0.3611111111111111,0.3611111111111111,0.297029702970297,0.39473684210526316,0.3611111111111111,0.297029702970297
0.12345679012345678,0.12345679012345678,0.0,0.33613445378151263,0.13414634146341464,0.24074074074074073,0.5352941176470588,0.24074074074074073,0.3548387096774194,0.4489795918367347,0.3548387096774194,0.4489795918367347,0.3548387096774194,0.24770642201834864,0.3548387096774194,0.24770642201834864,0.22935779816513763,0.49056603773584906,0.24770642201834864,0.22935779816513763,0.23636363636363636,0.3548387096774194,0.24770642201834864,0.22935779816513763,0.23636363636363636,0.27350427350427353,0.3548387096774194,0.24770642201834864,0.22935779816513763,0.23636363636363636,0.27350427350427353,0.13414634146341464,0.3548387096774194,0.24770642201834864,0.22935779816513763,0.23636363636363636,0.27350427350427353,0.23636363636363636,0.27350427350427353,0.22935779816513763,0.24770642201834864,0.22935779816513763,0.23636363636363636,0.27350427350427353,0.22935779816513763,0.3548387096774194,0.24770642201834864,0.22935779816513763,0.23636363636363636,0.27350427350427353,0.23636363636363636,0.27350427350427353,0.22935779816513763,0.4489795918367347,0.27350427350427353,0.24770642201834864,0.22935779816513763,0.23636363636363636,0.27350427350427353,0.22935779816513763,0.3548387096774194,0.27350427350427353,0.24770642201834864,0.22935779816513763,0.23636363636363636,0.3089430894308943,0.22935779816513763,0.4489795918367347,0.27350427350427353,0.4489795918367347,0.27350427350427353,0.22935779816513763,0.23636363636363636,0.27350427350427353,0.23636363636363636,0.3089430894308943,0.22935779816513763,0.3548387096774194,0.27350427350427353,0.23636363636363636,0.27350427350427353,0.22935779816513763,0.3548387096774194,0.27350427350427353,0.4489795918367347,0.27350427350427353,0.27350427350427353,0.27350427350427353,0.22935779816513763,0.49056603773584906,0.27350427350427353,0.27350427350427353,0.23636363636363636,0.22935779816513763,0.3548387096774194,0.3089430894308943,0.27350427350427353,0.23636363636363636,0.27350427350427353,0.27350427350427353,0.22935779816513763,0.3548387096774194,0.27350427350427353,0.49056603773584906,0.3089430894308943,0.27350427350427353,0.23636363636363636,0.27350427350427353,0.3548387096774194,0.27350427350427353,0.27350427350427353,0.23636363636363636,0.27350427350427353,0.27350427350427353,0.23636363636363636,0.23636363636363636,0.27350427350427353,0.27350427350427353,0.27350427350427353,0.23636363636363636,0.27350427350427353,0.27350427350427353,0.27350427350427353,0.27350427350427353,0.3548387096774194,0.3089430894308943,0.23636363636363636,0.27350427350427353,0.23636363636363636,0.23636363636363636,0.27350427350427353,0.23636363636363636,0.4489795918367347,0.27350427350427353,0.27350427350427353,0.27350427350427353,0.23636363636363636,0.3089430894308943,0.27350427350427353,0.27350427350427353,0.27350427350427353,0.27350427350427353,0.3548387096774194,0.27350427350427353,0.27350427350427353,0.27350427350427353,0.23636363636363636,0.3089430894308943,0.27350427350427353,0.23636363636363636
0.35454545454545455,0.35454545454545455,0.33613445378151263,0.0,0.36036036036036034,0.30656934306569344,0.3065326633165829,0.30656934306569344,0.29411764705882354,0.36363636363636365,0.29411764705882354,0.36363636363636365,0.29411764705882354,0.3115942028985507,0.29411764705882354,0.3115942028985507,0.30434782608695654,0.3617021276595745,0.3115942028985507,0.30434782608695654,0.30935251798561153,0.29411764705882354,0.3115942028985507,0.30434782608695654,0.30935251798561153,0.3150684931506849,0.29411764705882354,0.3115942028985507,0.30434782608695654,0.30935251798561153,0.3150684931506849,0.36036036036036034,0.29411764705882354,0.3115942028985507,0.30434782608695654,0.30935251798561153,0.3150684931506849,0.30935251798561153,0.3150684931506849,0.30434782608695654,0.3115942028985507,0.30434782608695654,0.30935251798561153,0.3150684931506849,0.30434782608695654,0.29411764705882354,0.3115942028985507,0.30434782608695654,0.30935251798561153,0.3150684931506849,0.30935251798561153,0.3150684931506849,0.30434782608695654,0.36363636363636365,0.3150684931506849,0.3115942028985507,0.30434782608695654,0.30935251798561153,0.3150684931506849,0.30434782608695654,0.29411764705882354,0.3150684931506849,0.3115942028985507,0.30434782608695654,0.30935251798561153,0.3026315789473684,0.30434782608695654,0.36363636363636365,0.3150684931506849,0.36363636363636365,0.3150684931506849,0.30434782608695654,0.30935251798561153,0.3150684931506849,0.30935251798561153,0.3026315789473684,0.30434782608695654,0.29411764705882354,0.3150684931506849,0.30935251798561153,0.3150684931506849,0.30434782608695654,0.29411764705882354,0.3150684931506849,0.36363636363636365,0.3150684931506849,0.3150684931506849,0.3150684931506849,0.30434782608695654,0.3617021276595745,0.3150684931506849,0.3150684931506849,0.30935251798561153,0.30434782608695654,0.29411764705882354,0.3026315789473684,0.3150684931506849,0.30935251798561153,0.3150684931506849,0.3150684931506849,0.30434782608695654,0.29411764705882354,0.3150684931506849,0.3617021276595745,0.3026315789473684,0.3150684931506849,0.30935251798561153,0.3150684931506849,0.29411764705882354,0.3150684931506849,0.3150684931506849,0.30935251798561153,0.3150684931506849,0.3150684931506849,0.30935251798561153,0.30935251798561153,0.3150684931506849,0.3150684931506849,0.3150684931506849,0.30935251798561153,0.3150684931506849,0.3150684931506849,0.3150684931506849,0.3150684931506849,0.29411764705882354,0.3026315789473684,0.30935251798561153,0.3150684931506849,0.30935251798561153,0.30935251798561153,0.3150684931506849,0.30935251798561153,0.36363636363636365,0.3150684931506849,0.3150684931506849,0.3150684931506849,0.30935251798561153,0.3026315789473684,0.3150684931506849,0.3150684931506849,0.3150684931506849,0.3150684931506849,0.29411764705882354,0.3150684931506849,0.3150684931506849,0.3150684931506849,0.30935251798561153,0.3026315789473684,0.3150684931506849,0.30935251798561153
0.0273972602739726,0.0273972602739726,0.13414634146341464,0.36036036036036034,0.0,0.31,0.5617283950617284,0.31,0.3793103448275862,0.48201438848920863,0.3793103448275862,0.48201438848920863,0.3793103448275862,0.31683168316831684,0.3793103448275862,0.31683168316831684,0.297029702970297,0.5231788079470199,0.31683168316831684,0.297029702970297,0.30392156862745096,0.3793103448275862,0.31683168316831684,0.297029702970297,0.30392156862745096,0.3669724770642202,0.3793103448275862,0.31683168316831684,0.297029702970297,0.30392156862745096,0.3669724770642202,0.0,0.3793103448275862,0.31683168316831684,0.297029702970297,0.30392156862745096,0.3669724770642202,0.30392156862745096,0.3669724770642202,0.297029702970297,0.31683168316831684,0.297029702970297,0.30392156862745096,0.3669724770642202,0.297029702970297,0.3793103448275862,0.31683168316831684,0.297029702970297,0.30392156862745096,0.3669724770642202,0.30392156862745096,0.3669724770642202,0.297029702970297,0.48201438848920863,0.3669724770642202,0.31683168316831684,0.297029702970297,0.30392156862745096,0.3669724770642202,0.297029702970297,0.3793103448275862,0.3669724770642202,0.31683168316831684,0.297029702970297,0.30392156862745096,0.4,0.297029702970297,0.48201438848920863,0.3669724770642202,0.48201438848920863,0.3669724770642202,0.297029702970297,0.30392156862745096,0.3669724770642202,0.30392156862745096,0.4,0.297029702970297,0.3793103448275862,0.3669724770642202,0.30392156862745096,0.3669724770642202,0.297029702970297,0.3793103448275862,0.3669724770642202,0.48201438848920863,0.3669724770642202,0.3669724770642202,0.3669724770642202,0.297029702970297,0.5231788079470199,0.3669724770642202,0.3669724770642202,0.30392156862745096,0.297029702970297,0.3793103448275862,0.4,0.3669724770642202,0.30392156862745096,0.3669724770642202,0.3669724770642202,0.297029702970297,0.3793103448275862,0.3669724770642202,0.5231788079470199,0.4,0.3669724770642202,0.30392156862745096,0.3669724770642202,0.3793103448275862,0.3669724770642202,0.3669724770642202,0.30392156862745096,0.3669724770642202,0.3669724770642202,0.30392156862745096,0.30392156862745096,0.3669724770642202,0.3669724770642202,0.3669724770642202,0.30392156862745096,0.3669724770642202,0.3669724770642202,0.3669724770642202,0.3669724770642202,0.3793103448275862,0.4,0.30392156862745096,0.3669724770642202,0.30392156862745096,0.30392156862745096,0.3669724770642202,0.30392156862745096,0.48201438848920863,0.3669724770642202,0.3669724770642202,0.3669724770642202,0.30392156862745096,0.4,0.3669724770642202,0.3669724770642202,0.3669724770642202,0.3669724770642202,0.3793103448275862,0.3669724770642202,0.3669724770642202,0.3669724770642202,0.30392156862745096,0.4,0.3669724770642202,0.30392156862745096
0.30303030303030304,0.30303030303030304,0.24074074074074073,0.30656934306569344,0.31,0.0,0.5106382978723404,0.0,0.36619718309859156,0.44242424242424244,0.36619718309859156,0.44242424242424244,0.36619718309859156,0.007874015748031496,0.36619718309859156,0.007874015748031496,0.15748031496062992,0.480225988700565,0.007874015748031496,0.15748031496062992,0.1484375,0.36619718309859156,0.007874015748031496,0.15748031496062992,0.1484375,0.2222222222222222,0.36619718309859156,0.007874015748031496,0.15748031496062992,0.1484375,0.2222222222222222,0.31,0.36619718309859156,0.007874015748031496,0.15748031496062992,0.1484375,0.2222222222222222,0.1484375,0.2222222222222222,0.15748031496062992,0.007874015748031496,0.15748031496062992,0.1484375,0.2222222222222222,0.15748031496062992,0.36619718309859156,0.007874015748031496,0.15748031496062992,0.1484375,0.2222222222222222,0.1484375,0.2222222222222222,0.15748031496062992,0.44242424242424244,0.2222222222222222,0.007874015748031496,0.15748031496062992,0.1484375,0.2222222222222222,0.15748031496062992,0.36619718309859156,0.2222222222222222,0.007874015748031496,0.15748031496062992,0.1484375,0.24822695035460993,0.15748031496062992,0.44242424242424244,0.2222222222222222,0.44242424242424244,0.2222222222222222,0.15748031496062992,0.1484375,0.2222222222222222,0.1484375,0.24822695035460993,0.15748031496062992,0.36619718309859156,0.2222222222222222,0.1484375,0.2222222222222222,0.15748031496062992,0.36619718309859156,0.2222222222222222,0.44242424242424244,0.2222222222222222,0.2222222222222222,0.2222222222222222,0.15748031496062992,0.480225988700565,0.2222222222222222,0.2222222222222222,0.1484375,0.15748031496062992,0.36619718309859156,0.24822695035460993,0.2222222222222222,0.1484375,0.2222222222222222,0.2222222222222222,0.15748031496062992,0.36619718309859156,0.2222222222222222,0.480225988700565,0.24822695035460993,0.2222222222222222,0.1484375,0.2222222222222222,0.36619718309859156,0.2222222222222222,0.2222222222222222,0.1484375,0.2222222222222222,0.2222222222222222,0.1484375,0.1484375,0.2222222222222222,0.2222222222222222,0.2222222222222222,0.1484375,0.2222222222222222,0.2222222222222222,0.2222222222222222,0.2222222222222222,0.36619718309859156,0.24822695035460993,0.1484375,0.2222222222222222,0.1484375,0.1484375,0.2222222222222222,0.1484375,0.44242424242424244,0.2222222222222222,0.2222222222222222,0.2222222222222222,0.1484375,0.24822695035460993,0.2222222222222222,0.2222222222222222,0.2222222222222222,0.2222222222222222,0.36619718309859156,0.2222222222222222,0.2222222222222222,0.2222222222222222,0.1484375,0.24822695035460993,0.2222222222222222,0.1484375
0.5590062111801242,0.5590062111801242,0.5352941176470588,0.3065326633165829,0.5617283950617284,0.5106382978723404,0.0,0.5106382978723404,0.4264705882352941,0.40969162995594716,0.4264705882352941,0.40969162995594716,0.4264705882352941,0.5079365079365079,0.4264705882352941,0.5079365079365079,0.5026455026455027,0.3891213389121339,0.5079365079365079,0.5026455026455027,0.5,0.4264705882352941,0.5079365079365079,0.5026455026455027,0.5,0.4467005076142132,0.4264705882352941,0.5079365079365079,0.5026455026455027,0.5,0.4467005076142132,0.5617283950617284,0.4264705882352941,0.5079365079365079,0.5026455026455027,0.5,0.4467005076142132,0.5,0.4467005076142132,0.5026455026455027,0.5079365079365079,0.5026455026455027,0.5,0.4467005076142132,0.5026455026455027,0.4264705882352941,0.5079365079365079,0.5026455026455027,0.5,0.4467005076142132,0.5,0.4467005076142132,0.5026455026455027,0.40969162995594716,0.4467005076142132,0.5079365079365079,0.5026455026455027,0.5,0.4467005076142132,0.5026455026455027,0.4264705882352941,0.4467005076142132,0.5079365079365079,0.5026455026455027,0.5,0.4039408866995074,0.5026455026455027,0.40969162995594716,0.4467005076142132,0.40969162995594716,0.4467005076142132,0.5026455026455027,0.5,0.4467005076142132,0.5,0.4039408866995074,0.5026455026455027,0.4264705882352941,0.4467005076142132,0.5,0.4467005076142132,0.5026455026455027,0.4264705882352941,0.4467005076142132,0.40969162995594716,0.4467005076142132,0.4467005076142132,0.4467005076142132,0.5026455026455027,0.3891213389121339,0.4467005076142132,0.4467005076142132,0.5,0.5026455026455027,0.4264705882352941,0.4039408866995074,0.4467005076142132,0.5,0.4467005076142132,0.4467005076142132,0.5026455026455027,0.4264705882352941,0.4467005076142132,0.3891213389121339,0.4039408866995074,0.4467005076142132,0.5,0.4467005076142132,0.4264705882352941,0.4467005076142132,0.4467005076142132,0.5,0.4467005076142132,0.4467005076142132,0.5,0.5,0.4467005076142132,0.4467005076142132,0.4467005076142132,0.5,0.4467005076142132,0.4467005076142132,0.4467005076142132,0.4467005076142132,0.4264705882352941,0.4039408866995074,0.5,0.4467005076142132,0.5,0.5,0.4467005076142132,0.5,0.40969162995594716,0.4467005076142132,0.4467005076142132,0.4467005076142132,0.5,0.4039408866995074,0.4467005076142132,0.4467005076142132,0.4467005076142132,0.4467005076142132,0.4264705882352941,0.4467005076142132,0.4467005076142132,0.4467005076142132,0.5,0.4039408866995074,0.4467005076142132,0.5
0.30303030303030304,0.30303030303030304,0.24074074074074073,0.30656934306569344,0.31,0.0,0.5106382978723404,0.0,0.36619718309859156,0.44242424242424244,0.36619718309859156,0.44242424242424244,0.36619718309859156,0.007874015748031496,0.36619718309859156,0.007874015748031496,0.15748031496062992,0.480225988700565,0.007874015748031496,0.15748031496062992,0.1484375,0.36619718309859156,0.007874015748031496,0.15748031496062992,0.1484375,0.2222222222222222,0.36619718309859156,0.007874015748031496,0.15748031496062992,0.1484375,0.2222222222222222,0.31,0.36619718309859156,0.007874015748031496,0.15748031496062992,0.1484375,0.2222222222222222,0.1484375,0.2222222222222222,0.15748031496062992,0.007874015748031496,0.15748031496062992,0.1484375,0.2222222222222222,0.15748031496062992,0.36619718309859156,0.007874015748031496,0.15748031496062992,0.1484375,0.2222222222222222,0.1484375,0.2222222222222222,0.15748031496062992,0.44242424242424244,0.2222222222222222,0.007874015748031496,0.15748031496062992,0.1484375,0.2222222222222222,0.15748031496062992,0.36619718309859156,0.2222222222222222,0.007874015748031496,0.15748031496062992,0.1484375,0.24822695035460993,0.15748031496062992,0.44242424242424244,0.2222222222222222,0.44242424242424244,0.2222222222222222,0.15748031496062992,0.1484375,0.2222222222222222,0.1484375,0.24822695035460993,0.15748031496062992,0.36619718309859156,0.2222222222222222,0.1484375,0.2222222222222222,0.15748031496062992,0.36619718309859156,0.2222222222222222,0.44242424242424244,0.2222222222222222,0.2222222222222222,0.2222222222222222,0.15748031496062992,0.480225988700565,0.2222222222222222,0.2222222222222222,0.1484375,0.15748031496062992,0.36619718309859156,0.24822695035460993,0.2222222222222222,0.1484375,0.2222222222222222,0.2222222222222222,0.15748031496062992,0.36619718309859156,0.2222222222222222,0.480225988700565,0.24822695035460993,0.2222222222222222,0.1484375,0.2222222222222222,0.36619718309859156,0.2222222222222222,0.2222222222222222,0.1484375,0.2222222222222222,0.2222222222222222,0.1484375,0.1484375,0.2222222222222222,0.2222222222222222,0.2222222222222222,0.1484375,0.2222222222222222,0.2222222222222222,0.2222222222222222,0.2222222222222222,0.36619718309859156,0.24822695035460993,0.1484375,0.2222222222222222,0.1484375,0.1484375,0.2222222222222222,0.1484375,0.44242424242424244,0.2222222222222222,0.2222222222222222,0.2222222222222222,0.1484375,0.24822695035460993,0.2222222222222222,0.2222222222222222,0.2222222222222222,0.2222222222222222,0.36619718309859156,0.2222222222222222,0.2222222222222222,0.2222222222222222,0.1484375,0.24822695035460993,0.2222222222222222,0.1484375
0.3826086956521739,0.3826086956521739,0.3548387096774194,0.29411764705882354,0.3793103448275862,0.36619718309859156,0.4264705882352941,0.36619718309859156,0.0,0.1270718232044199,0.0,0.1270718232044199,0.0,0.36363636363636365,0.0,0.36363636363636365,0.36363636363636365,0.18134715025906736,0.36363636363636365,0.36363636363636365,0.3611111111111111,0.0,0.36363636363636365,0.36363636363636365,0.3611111111111111,0.33112582781456956,0.0,0.36363636363636365,0.36363636363636365,0.3611111111111111,0.33112582781456956,0.3793103448275862,0.0,0.36363636363636365,0.36363636363636365,0.3611111111111111,0.33112582781456956,0.3611111111111111,0.33112582781456956,0.36363636363636365,0.36363636363636365,0.36363636363636365,0.3611111111111111,0.33112582781456956,0.36363636363636365,0.0,0.36363636363636365,0.36363636363636365,0.3611111111111111,0.33112582781456956,0.3611111111111111,0.33112582781456956,0.36363636363636365,0.1270718232044199,0.33112582781456956,0.36363636363636365,0.36363636363636365,0.3611111111111111,0.33112582781456956,0.36363636363636365,0.0,0.33112582781456956,0.36363636363636365,0.36363636363636365,0.3611111111111111,0.3248407643312102,0.36363636363636365,0.1270718232044199,0.33112582781456956,0.1270718232044199,0.33112582781456956,0.36363636363636365,0.3611111111111111,0.33112582781456956,0.3611111111111111,0.3248407643312102,0.36363636363636365,0.0,0.33112582781456956,0.3611111111111111,0.33112582781456956,0.36363636363636365,0.0,0.33112582781456956,0.1270718232044199,0.33112582781456956,0.33112582781456956,0.33112582781456956,0.36363636363636365,0.18134715025906736,0.33112582781456956,0.33112582781456956,0.3611111111111111,0.36363636363636365,0.0,0.3248407643312102,0.33112582781456956,0.3611111111111111,0.33112582781456956,0.33112582781456956,0.36363636363636365,0.0,0.33112582781456956,0.18134715025906736,0.3248407643312102,0.33112582781456956,0.3611111111111111,0.33112582781456956,0.0,0.33112582781456956,0.33112582781456956,0.3611111111111111,0.33112582781456956,0.33112582781456956,0.3611111111111111,0.3611111111111111,0.33112582781456956,0.33112582781456956,0.33112582781456956,0.3611111111111111,0.33112582781456956,0.33112582781456956,0.33112582781456956,0.33112582781456956,0.0,0.3248407643312102,0.3611111111111111,0.33112582781456956,0.3611111111111111,0.3611111111111111,0.33112582781456956,0.3611111111111111,0.1270718232044199,0.33112582781456956,0.33112582781456956,0.33112582781456956,0.3611111111111111,0.3248407643312102,0.33112582781456956,0.33112582781456956,0.33112582781456956,0.33112582781456956,0.0,0.33112582781456956,0.33112582781456956,0.33112582781456956,0.3611111111111111,0.3248407643312102,0.33112582781456956,0.3611111111111111
0.4855072463768116,0.4855072463768116,0.4489795918367347,0.36363636363636365,0.48201438848920863,0.44242424242424244,0.40969162995594716,0.44242424242424244,0.1270718232044199,0.0,0.1270718232044199,0.0,0.1270718232044199,0.4457831325301205,0.1270718232044199,0.4457831325301205,0.4397590361445783,0.05555555555555555,0.4457831325301205,0.4397590361445783,0.437125748502994,0.1270718232044199,0.4457831325301205,0.4397590361445783,0.437125748502994,0.3793103448275862,0.1270718232044199,0.4457831325301205,0.4397590361445783,0.437125748502994,0.3793103448275862,0.48201438848920863,0.1270718232044199,0.4457831325301205,0.4397590361445783,0.437125748502994,0.3793103448275862,0.437125748502994,0.3793103448275862,0.4397590361445783,0.4457831325301205,0.4397590361445783,0.437125748502994,0.3793103448275862,0.4397590361445783,0.1270718232044199,0.4457831325301205,0.4397590361445783,0.437125748502994,0.3793103448275862,0.437125748502994,0.3793103448275862,0.4397590361445783,0.0,0.3793103448275862,0.4457831325301205,0.4397590361445783,0.437125748502994,0.3793103448275862,0.4397590361445783,0.1270718232044199,0.3793103448275862,0.4457831325301205,0.4397590361445783,0.437125748502994,0.36666666666666664,0.4397590361445783,0.0,0.3793103448275862,0.0,0.3793103448275862,0.4397590361445783,0.437125748502994,0.3793103448275862,0.437125748502994,0.36666666666666664,0.4397590361445783,0.1270718232044199,0.3793103448275862,0.437125748502994,0.3793103448275862,0.4397590361445783,0.1270718232044199,0.3793103448275862,0.0,0.3793103448275862,0.3793103448275862,0.3793103448275862,0.4397590361445783,0.05555555555555555,0.3793103448275862,0.3793103448275862,0.437125748502994,0.4397590361445783,0.1270718232044199,0.36666666666666664,0.3793103448275862,0.437125748502994,0.3793103448275862,0.3793103448275862,0.4397590361445783,0.1270718232044199,0.3793103448275862,0.05555555555555555,0.36666666666666664,0.3793103448275862,0.437125748502994,0.3793103448275862,0.1270718232044199,0.3793103448275862,0.3793103448275862,0.437125748502994,0.3793103448275862,0.3793103448275862,0.437125748502994,0.437125748502994,0.3793103448275862,0.3793103448275862,0.3793103448275862,0.437125748502994,0.3793103448275862,0.3793103448275862,0.3793103448275862,0.3793103448275862,0.1270718232044199,0.36666666666666664,0.437125748502994,0.3793103448275862,0.437125748502994,0.437125748502994,0.3793103448275862,0.437125748502994,0.0,0.3793103448275862,0.3793103448275862,0.3793103448275862,0.437125748502994,0.36666666666666664,0.3793103448275862,0.3793103448275862,0.3793103448275862,0.3793103448275862,0.1270718232044199,0.3793103448275862,0.3793103448275862,0.3793103448275862,0.437125748502994,0.36666666666666664,0.3793103448275862,0.437125748502994
0.3826086956521739,0.3826086956521739,0.3548387096774194,0.29411764705882354,0.3793103448275862,0.36619718309859156,0.4264705882352941,0.36619718309859156,0.0,0.1270718232044199,0.0,0.1270718232044199,0.0,0.36363636363636365,0.0,0.36363636363636365,0.36363636363636365,0.18134715025906736,0.36363636363636365,0.36363636363636365,0.3611111111111111,0.0,0.36363636363636365,0.36363636363636365,0.3611111111111111,0.33112582781456956,0.0,0.36363636363636365,0.36363636363636365,0.3611111111111111,0.33112582781456956,0.3793103448275862,0.0,0.36363636363636365,0.36363636363636365,0.3611111111111111,0.33112582781456956,0.3611111111111111,0.33112582781456956,0.36363636363636365,0.36363636363636365,0.36363636363636365,0.3611111111111111,0.33112582781456956,0.36363636363636365,0.0,0.36363636363636365,0.36363636363636365,0.3611111111111111,0.33112582781456956,0.3611111111111111,0.33112582781456956,0.36363636363636365,0.1270718232044199,0.33112582781456956,0.36363636363636365,0.36363636363636365,0.3611111111111111,0.33112582781456956,0.36363636363636365,0.0,0.33112582781456956,0.36363636363636365,0.36363636363636365,0.3611111111111111,0.3248407643312102,0.36363636363636365,0.1270718232044199,0.33112582781456956,0.1270718232044199,0.33112582781456956,0.36363636363636365,0.3611111111111111,0.33112582781456956,0.3611111111111111,0.3248407643312102,0.36363636363636365,0.0,0.33112582781456956,0.3611111111111111,0.33112582781456956,0.36363636363636365,0.0,0.33112582781456956,0.1270718232044199,0.33112582781456956,0.33112582781456956,0.33112582781456956,0.36363636363636365,0.18134715025906736,0.33112582781456956,0.33112582781456956,0.3611111111111111,0.36363636363636365,0.0,0.3248407643312102,0.33112582781456956,0.3611111111111111,0.33112582781456956,0.33112582781456956,0.36363636363636365,0.0,0.33112582781456956,0.18134715025906736,0.3248407643312102,0.33112582781456956,0.3611111111111111,0.33112582781456956,0.0,0.33112582781456956,0.33112582781456956,0.3611111111111111,0.33112582781456956,0.33112582781456956,0.3611111111111111,0.3611111111111111,0.33112582781456956,0.33112582781456956,0.33112582781456956,0.3611111111111111,0.33112582781456956,0.33112582781456956,0.33112582781456956,0.33112582781456956,0.0,0.3248407643312102,0.3611111111111111,0.33112582781456956,0.3611111111111111,0.3611111111111111,0.33112582781456956,0.3611111111111111,0.1270718232044199,0.33112582781456956,0.33112582781456956,0.33112582781456956,0.3611111111111111,0.3248407643312102,0.33112582781456956,0.33112582781456956,0.33112582781456956,0.33112582781456956,0.0,0.33112582781456956,0.33112582781456956,0.33112582781456956,0.3611111111111111,0.3248407643312102,0.33112582781456956,0.3611111111111111
0.4855072463768116,0.4855072463768116,0.4489795918367347,0.36363636363636365,0.48201438848920863,0.44242424242424244,0.40969162995594716,0.44242424242424244,0.1270718232044199,0.0,0.1270718232044199,0.0,0.1270718232044199,0.4457831325301205,0.1270718232044199,0.4457831325301205,0.4397590361445783,0.05555555555555555,0.4457831325301205,0.4397590361445783,0.437125748502994,0.1270718232044199,0.4457831325301205,0.4397590361445783,0.437125748502994,0.3793103448275862,0.1270718232044199,0.4457831325301205,0.4397590361445783,0.437125748502994,0.3793103448275862,0.48201438848920863,0.1270718232044199,0.4457831325301205,0.4397590361445783,0.437125748502994,0.3793103448275862,0.437125748502994,0.3793103448275862,0.4397590361445783,0.4457831325301205,0.4397590361445783,0.437125748502994,0.3793103448275862,0.4397590361445783,0.1270718232044199,0.4457831325301205,0.4397590361445783,0.437125748502994,0.3793103448275862,0.437125748502994,0.3793103448275862,0.4397590361445783,0.0,0.3793103448275862,0.4457831325301205,0.4397590361445783,0.437125748502994,0.3793103448275862,0.4397590361445783,0.1270718232044199,0.3793103448275862,0.4457831325301205,0.4397590361445783,0.437125748502994,0.36666666666666664,0.4397590361445783,0.0,0.3793103448275862,0.0,0.3793103448275862,0.4397590361445783,0.437125748502994,0.3793103448275862,0.437125748502994,0.36666666666666664,0.4397590361445783,0.1270718232044199,0.3793103448275862,0.437125748502994,0.3793103448275862,0.4397590361445783,0.1270718232044199,0.3793103448275862,0.0,0.3793103448275862,0.3793103448275862,0.3793103448275862,0.4397590361445783,0.05555555555555555,0.3793103448275862,0.3793103448275862,0.437125748502994,0.4397590361445783,0.1270718232044199,0.36666666666666664,0.3793103448275862,0.437125748502994,0.3793103448275862,0.3793103448275862,0.4397590361445783,0.1270718232044199,0.3793103448275862,0.05555555555555555,0.36666666666666664,0.3793103448275862,0.437125748502994,0.3793103448275862,0.1270718232044199,0.3793103448275862,0.3793103448275862,0.437125748502994,0.3793103448275862,0.3793103448275862,0.437125748502994,0.437125748502994,0.3793103448275862,0.3793103448275862,0.3793103448275862,0.437125748502994,0.3793103448275862,0.3793103448275862,0.3793103448275862,0.3793103448275862,0.1270718232044199,0.36666666666666664,0.437125748502994,0.3793103448275862,0.437125748502994,0.437125748502994,0.3793103448275862,0.437125748502994,0.0,0.3793103448275862,0.3793103448275862,0.3793103448275862,0.437125748502994,0.36666666666666664,0.3793103448275862,0.3793103448275862,0.3793103448275862,0.3793103448275862,0.1270718232044199,0.3793103448275862,0.3793103448275862,0.3793103448275862,0.437125748502994,0.36666666666666664,0.3793103448275862,0.437125748502994
0.3826086956521739,0.3826086956521739,0.3548387096774194,0.29411764705882354,0.3793103448275862,0.36619718309859156,0.4264705882352941,0.36619718309859156,0.0,0.1270718232044199,0.0,0.1270718232044199,0.0,0.36363636363636365,0.0,0.36363636363636365,0.36363636363636365,0.18134715025906736,0.36363636363636365,0.36363636363636365,0.3611111111111111,0.0,0.36363636363636365,0.36363636363636365,0.3611111111111111,0.33112582781456956,0.0,0.36363636363636365,0.36363636363636365,0.3611111111111111,0.33112582781456956,0.3793103448275862,0.0,0.36363636363636365,0.36363636363636365,0.3611111111111111,0.33112582781456956,0.3611111111111111,0.33112582781456956,0.36363636363636365,0.36363636363636365,0.36363636363636365,0.3611111111111111,0.33112582781456956,0.36363636363636365,0.0,0.36363636363636365,0.36363636363636365,0.3611111111111111,0.33112582781456956,0.3611111111111111,0.33112582781456956,0.36363636363636365,0.1270718232044199,0.33112582781456956,0.36363636363636365,0.36363636363636365,0.3611111111111111,0.33112582781456956,0.36363636363636365,0.0,0.33112582781456956,0.36363636363636365,0.36363636363636365,0.3611111111111111,0.3248407643312102,0.36363636363636365,0.1270718232044199,0.33112582781456956,0.1270718232044199,0.33112582781456956,0.36363636363636365,0.3611111111111111,0.33112582781456956,0.3611111111111111,0.3248407643312102,0.36363636363636365,0.0,0.33112582781456956,0.3611111111111111,0.33112582781456956,0.36363636363636365,0.0,0.33112582781456956,0.1270718232044199,0.33112582781456956,0.33112582781456956,0.33112582781456956,0.36363636363636365,0.18134715025906736,0.33112582781456956,0.33112582781456956,0.3611111111111111,0.36363636363636365,0.0,0.3248407643312102,0.33112582781456956,0.3611111111111111,0.33112582781456956,0.33112582781456956,0.36363636363636365,0.0,0.33112582781456956,0.18134715025906736,0.3248407643312102,0.33112582781456956,0.3611111111111111,0.33112582781456956,0.0,0.33112582781456956,0.33112582781456956,0.3611111111111111,0.33112582781456956,0.33112582781456956,0.3611111111111111,0.3611111111111111,0.33112582781456956,0.33112582781456956,0.33112582781456956,0.3611111111111111,0.33112582781456956,0.33112582781456956,0.33112582781456956,0.33112582781456956,0.0,0.3248407643312102,0.3611111111111111,0.33112582781456956,0.3611111111111111,0.3611111111111111,0.33112582781456956,0.3611111111111111,0.1270718232044199,0.33112582781456956,0.33112582781456956,0.33112582781456956,0.3611111111111111,0.3248407643312102,0.33112582781456956,0.33112582781456956,0.33112582781456956,0.33112582781456956,0.0,0.33112582781456956,0.33112582781456956,0.33112582781456956,0.3611111111111111,0.3248407643312102,0.33112582781456956,0.3611111111111111
0.31,0.31,0.24770642201834864,0.3115942028985507,0.31683168316831684,0.007874015748031496,0.5079365079365079,0.007874015748031496,0.36363636363636365,0.4457831325301205,0.36363636363636365,0.4457831325301205,0.36363636363636365,0.0,0.36363636363636365,0.0,0.1640625,0.48314606741573035,0.0,0.1640625,0.15503875968992248,0.36363636363636365,0.0,0.1640625,0.15503875968992248,0.22058823529411764,0.36363636363636365,0.0,0.1640625,0.15503875968992248,0.22058823529411764,0.31683168316831684,0.36363636363636365,0.0,0.1640625,0.15503875968992248,0.22058823529411764,0.15503875968992248,0.22058823529411764,0.1640625,0.0,0.1640625,0.15503875968992248,0.22058823529411764,0.1640625,0.36363636363636365,0.0,0.1640625,0.15503875968992248,0.22058823529411764,0.15503875968992248,0.22058823529411764,0.1640625,0.4457831325301205,0.22058823529411764,0.0,0.1640625,0.15503875968992248,0.22058823529411764,0.1640625,0.36363636363636365,0.22058823529411764,0.0,0.1640625,0.15503875968992248,0.24647887323943662,0.1640625,0.4457831325301205,0.22058823529411764,0.4457831325301205,0.22058823529411764,0.1640625,0.15503875968992248,0.22058823529411764,0.15503875968992248,0.24647887323943662,0.1640625,0.36363636363636365,0.22058823529411764,0.15503875968992248,0.22058823529411764,0.1640625,0.36363636363636365,0.22058823529411764,0.4457831325301205,0.22058823529411764,0.22058823529411764,0.22058823529411764,0.1640625,0.48314606741573035,0.22058823529411764,0.22058823529411764,0.15503875968992248,0.1640625,0.36363636363636365,0.24647887323943662,0.22058823529411764,0.15503875968992248,0.22058823529411764,0.22058823529411764,0.1640625,0.36363636363636365,0.22058823529411764,0.48314606741573035,0.24647887323943662,0.22058823529411764,0.15503875968992248,0.22058823529411764,0.36363636363636365,0.22058823529411764,0.22058823529411764,0.15503875968992248,0.22058823529411764,0.22058823529411764,0.15503875968992248,0.15503875968992248,0.22058823529411764,0.22058823529411764,0.22058823529411764,0.15503875968992248,0.22058823529411764,0.22058823529411764,0.22058823529411764,0.22058823529411764,0.36363636363636365,0.24647887323943662,0.15503875968992248,0.22058823529411764,0.15503875968992248,0.15503875968992248,0.22058823529411764,0.15503875968992248,0.4457831325301205,0.22058823529411764,0.22058823529411764,0.22058823529411764,0.15503875968992248,0.24647887323943662,0.22058823529411764,0.22058823529411764,0.22058823529411764,0.22058823529411764,0.36363636363636365,0.22058823529411764,0.22058823529411764,0.22058823529411764,0.15503875968992248,0.24647887323943662,0.22058823529411764,0.15503875968992248
