index.html,state1.html,state5.html,state7.html,state9.html,state17.html,state26.html,state41.html,state45.html,state50.html,state57.html,state66.html,state77.html,state86.html,state89.html,state98.html,state101.html,state106.html,state115.html,state118.html,state123.html,state130.html,state139.html,state142.html,state147.html,state154.html,state163.html,state172.html,state175.html,state180.html,state187.html,state194.html,state206.html,state216.html,state219.html,state224.html,state231.html,state241.html,state251.html,state258.html,state267.html,state270.html,state275.html,state282.html,state305.html,state312.html,state321.html,state324.html,state329.html,state336.html,state345.html,state355.html,state362.html,state369.html,state376.html,state385.html,state388.html,state393.html,state400.html,state423.html,state430.html,state437.html,state452.html,state455.html,state460.html,state467.html,state488.html,state495.html,state502.html,state509.html,state518.html,state527.html,state532.html,state539.html,state548.html,state558.html,state565.html,state570.html,state577.html,state606.html,state613.html,state636.html,state643.html,state648.html,state655.html,state664.html,state681.html,state686.html,state707.html,state714.html,state721.html,state750.html,state759.html,state774.html,state779.html,state786.html,state815.html,state824.html,state827.html,state832.html,state841.html,state846.html,state851.html,state858.html,state867.html,state882.html,state891.html,state898.html,state913.html,state918.html,state945.html,state954.html,state957.html,state962.html,state967.html,state972.html,state981.html,state988.html,state1015.html,state1022.html,state1029.html,state1042.html,state1047.html,state1050.html,state1065.html,state1086.html,state1095.html,state1100.html,state1105.html,state1110.html,state1119.html,state1126.html,state1141.html,state1144.html,state1149.html,state1164.html,state1173.html,state1176.html,state1181.html,state1192.html,state1197.html,state1200.html,state1215.html,state1218.html,state1233.html,state1250.html,state1257.html,state1264.html,state1277.html,state1284.html
0.0,0.16597510373443983,0.2938513768389287,0.4567184961708053,0.7440661874406619,0.37612732095490714,0.5449518091325644,0.36673448626653105,0.2508075680664513,0.26014442916093533,0.2510952271155176,0.2588255553642156,0.2510972510972511,0.3909114381616318,0.25115526802218113,0.39118102114492004,0.37020838693079494,0.2438060495516036,0.3913828689370485,0.3700848111025443,0.3796576032225579,0.25150393336418325,0.39128191900954346,0.3698278077615009,0.38018606990193615,0.34308724832214765,0.2515011547344111,0.390036138358286,0.3696378114564603,0.379587732528909,0.3437080762006976,0.7413201591875943,0.25098129762179633,0.39002326182476094,0.3698278077615009,0.3793363499245852,0.34325556449450256,0.379874213836478,0.34389261744966443,0.3692503176620076,0.38970778381174037,0.37011316872427985,0.379214896829391,0.34290313925409177,0.36912922061436915,0.2508075680664513,0.38975155279503104,0.37011316872427985,0.3796576032225579,0.3432715551974214,0.3791802866482273,0.34299516908212563,0.3688753490733689,0.26014442916093533,0.34223171382808326,0.39012409513960705,0.3703036541430777,0.3797532107781415,0.3431793770139635,0.3686881502156813,0.2510952271155176,0.3428495197438634,0.39059674502712477,0.3699228791773779,0.38000503651473183,0.32961586121437425,0.3688753490733689,0.2588255553642156,0.3424,0.26014442916093533,0.3430325680726108,0.3699228791773779,0.38024629303845187,0.34345606019887126,0.38028169014084506,0.3293709757305597,0.36915650406504064,0.2510972510972511,0.34204909284951973,0.3797786720321932,0.34325556449450256,0.36915650406504064,0.25115526802218113,0.3424145299145299,0.2588255553642156,0.34214037896984256,0.34223171382808326,0.34290313925409177,0.36934417895271987,0.2438060495516036,0.3423230974632844,0.3428495197438634,0.3796576032225579,0.36896901980700864,0.25150393336418325,0.32889546351084814,0.3424,0.38018606990193615,0.3430325680726108,0.34308724832214765,0.36896901980700864,0.2515011547344111,0.3425975414216996,0.2438060495516036,0.32865237743286524,0.34204909284951973,0.379587732528909,0.3437080762006976,0.25098129762179633,0.3424,0.3424145299145299,0.3793363499245852,0.34214037896984256,0.34325556449450256,0.38018606990193615,0.379874213836478,0.34223171382808326,0.34204909284951973,0.3423230974632844,0.379214896829391,0.34290313925409177,0.3437080762006976,0.3428495197438634,0.34389261744966443,0.2508075680664513,0.32889546351084814,0.3796576032225579,0.3432715551974214,0.3793363499245852,0.3791802866482273,0.3424,0.379874213836478,0.26014442916093533,0.3430325680726108,0.34223171382808326,0.3425975414216996,0.3797532107781415,0.32865237743286524,0.3431793770139635,0.34290313925409177,0.34204909284951973,0.34299516908212563,0.2510952271155176,0.34389261744966443,0.3428495197438634,0.3424,0.38000503651473183,0.32961586121437425,0.3424145299145299,0.3791802866482273
0.16597510373443983,0.0,0.14798036995092487,0.3966117428637735,0.7045978570459785,0.28594164456233423,0.5131932374782746,0.280264496439471,0.170973696354407,0.20512379642365888,0.171316578279917,0.20371964869984502,0.17117117117117117,0.30518977536793185,0.17121072088724584,0.30608561113976274,0.28685361461281195,0.19623043015655875,0.30572755417956654,0.28681572860447185,0.2983383685800604,0.17144840351689034,0.3059066288367294,0.2865587252634284,0.29846618053809404,0.25181208053691273,0.17159353348729792,0.3053691275167785,0.28641150783457486,0.2983911513323278,0.2524818889187014,0.7011115685467271,0.17109212652966982,0.304471439648488,0.2865587252634284,0.29788838612368024,0.25207830517565033,0.2981132075471698,0.2526174496644295,0.28716645489199494,0.30411171450737007,0.2867798353909465,0.29768495218922997,0.2516769519720955,0.2871287128712871,0.170973696354407,0.30357142857142855,0.2867798353909465,0.2980866062437059,0.2519473542841794,0.2977118430978124,0.2517444981213097,0.2868748413302869,0.20512379642365888,0.2517351841964762,0.30429162357807654,0.28692743180648483,0.2979098463863007,0.2518796992481203,0.28672925653387465,0.171316578279917,0.25240128068303097,0.30483079307672434,0.2866323907455013,0.29841349785948124,0.24584882280049566,0.2868748413302869,0.20371964869984502,0.252,0.20512379642365888,0.25253603844100375,0.2866323907455013,0.298818798693139,0.25208277344799784,0.2987927565392354,0.2456661713719663,0.28709349593495936,0.17117117117117117,0.2516008537886873,0.2982897384305835,0.25207830517565033,0.28709349593495936,0.17121072088724584,0.2518696581196581,0.20371964869984502,0.2516680010675207,0.2517351841964762,0.2516769519720955,0.28723945094051856,0.19623043015655875,0.2518024032042724,0.25240128068303097,0.2983383685800604,0.28694768918232605,0.17144840351689034,0.2458086785009862,0.252,0.29846618053809404,0.25253603844100375,0.25181208053691273,0.28694768918232605,0.17159353348729792,0.2520042757883485,0.19623043015655875,0.2456270017245627,0.2516008537886873,0.2983911513323278,0.2524818889187014,0.17109212652966982,0.252,0.2518696581196581,0.29788838612368024,0.2516680010675207,0.25207830517565033,0.29846618053809404,0.2981132075471698,0.2517351841964762,0.2516008537886873,0.2518024032042724,0.29768495218922997,0.2516769519720955,0.2524818889187014,0.25240128068303097,0.2526174496644295,0.170973696354407,0.2458086785009862,0.2980866062437059,0.2519473542841794,0.29788838612368024,0.2977118430978124,0.252,0.2981132075471698,0.20512379642365888,0.25253603844100375,0.2517351841964762,0.2520042757883485,0.2979098463863007,0.2456270017245627,0.2518796992481203,0.2516769519720955,0.2516008537886873,0.2517444981213097,0.171316578279917,0.2526174496644295,0.25240128068303097,0.252,0.29841349785948124,0.24584882280049566,0.2518696581196581,0.2977118430978124
0.2938513768389287,0.14798036995092487,0.0,0.3460199582269668,0.6788281567882816,0.2053050397877984,0.47021646389635013,0.20320447609359105,0.1389017074296262,0.17400275103163687,0.13926677426792713,0.1725503702428104,0.13906213906213907,0.2241156726052156,0.13909426987061,0.22511603919546158,0.21533316182145615,0.16780665754673962,0.22471620227038183,0.21536879979439733,0.2243202416918429,0.13928736695974087,0.2251741036884189,0.2151117964533539,0.22454111139049535,0.18711409395973155,0.1394919168591224,0.2240578213732576,0.21500128435653737,0.22423328305681248,0.18781862087469814,0.6750377384383148,0.13899792195797736,0.2233135177048333,0.2151117964533539,0.2239819004524887,0.18744971842316976,0.2241509433962264,0.18791946308724833,0.21550190597204574,0.22291181794672874,0.2152777777777778,0.223704076497232,0.1870136839280923,0.21553693830921553,0.1389017074296262,0.2225672877846791,0.2152777777777778,0.22381671701913394,0.1872146118721461,0.22378677395021374,0.18706387546967257,0.2152830667682153,0.17400275103163687,0.18606513614522158,0.22285418821096173,0.21538857436953165,0.2236212540921682,0.1871643394199785,0.2151738137528546,0.13926677426792713,0.18676627534685167,0.22371480237664687,0.21516709511568125,0.22412490556534878,0.18537794299876084,0.2152830667682153,0.1725503702428104,0.1864,0.17400275103163687,0.18686599038974908,0.21516709511568125,0.22467956773058556,0.18731523783929052,0.22459758551307846,0.18524021792966816,0.21544715447154472,0.13906213906213907,0.185965848452508,0.2238430583501006,0.18744971842316976,0.21544715447154472,0.13909426987061,0.18616452991452992,0.1725503702428104,0.1860154790499066,0.18606513614522158,0.1870136839280923,0.215556685307575,0.16780665754673962,0.18611481975967958,0.18676627534685167,0.2243202416918429,0.21533773489080751,0.13928736695974087,0.1844181459566075,0.1864,0.22454111139049535,0.18686599038974908,0.18711409395973155,0.21533773489080751,0.1394919168591224,0.18626402993051844,0.16780665754673962,0.1842818428184282,0.185965848452508,0.22423328305681248,0.18781862087469814,0.13899792195797736,0.1864,0.18616452991452992,0.2239819004524887,0.1860154790499066,0.18744971842316976,0.22454111139049535,0.2241509433962264,0.18606513614522158,0.185965848452508,0.18611481975967958,0.223704076497232,0.1870136839280923,0.18781862087469814,0.18676627534685167,0.18791946308724833,0.1389017074296262,0.1844181459566075,0.22381671701913394,0.1872146118721461,0.2239819004524887,0.22378677395021374,0.1864,0.2241509433962264,0.17400275103163687,0.18686599038974908,0.18606513614522158,0.18626402993051844,0.2236212540921682,0.1842818428184282,0.1871643394199785,0.1870136839280923,0.185965848452508,0.18706387546967257,0.13926677426792713,0.18791946308724833,0.18676627534685167,0.1864,0.22412490556534878,0.18537794299876084,0.18616452991452992,0.22378677395021374
0.4567184961708053,0.3966117428637735,0.3460199582269668,0.0,0.6639088566390886,0.31863541424924574,0.28693316479696634,0.3197957762822001,0.32371942778034146,0.23813617606602475,0.3234955038044731,0.23798863440675047,0.3240933240933241,0.32559758644697145,0.3241682070240296,0.32606173126015314,0.3446275237874217,0.21295029639762883,0.32490136922719887,0.3446275237874217,0.3483406822928754,0.3246182322998612,0.3258296588535623,0.3446275237874217,0.34903689951264794,0.35599907171037365,0.32401847575057735,0.32559758644697145,0.3446275237874217,0.3488048271060571,0.35599907171037365,0.6606285165362975,0.323943661971831,0.3253655140403806,0.3446275237874217,0.3488048271060571,0.35599907171037365,0.34857275469946625,0.35599907171037365,0.3448595961940125,0.324669296820608,0.3446275237874217,0.34857275469946625,0.35599907171037365,0.3448595961940125,0.32371942778034146,0.32513344163378977,0.3446275237874217,0.3488048271060571,0.35599907171037365,0.34857275469946625,0.35599907171037365,0.3448595961940125,0.23813617606602475,0.35599907171037365,0.32513344163378977,0.3446275237874217,0.34857275469946625,0.35599907171037365,0.3448595961940125,0.3234955038044731,0.35599907171037365,0.32559758644697145,0.3446275237874217,0.3488048271060571,0.3566952889301462,0.3448595961940125,0.23798863440675047,0.35599907171037365,0.23813617606602475,0.35599907171037365,0.3446275237874217,0.3488048271060571,0.35599907171037365,0.34857275469946625,0.3566952889301462,0.3448595961940125,0.3240933240933241,0.35599907171037365,0.3481086098862845,0.35599907171037365,0.3448595961940125,0.3241682070240296,0.35599907171037365,0.23798863440675047,0.35599907171037365,0.35599907171037365,0.35599907171037365,0.3448595961940125,0.21295029639762883,0.35599907171037365,0.35599907171037365,0.3483406822928754,0.3448595961940125,0.3246182322998612,0.3566952889301462,0.35599907171037365,0.34903689951264794,0.35599907171037365,0.35599907171037365,0.3448595961940125,0.32401847575057735,0.35599907171037365,0.21295029639762883,0.3566952889301462,0.35599907171037365,0.3488048271060571,0.35599907171037365,0.323943661971831,0.35599907171037365,0.35599907171037365,0.3488048271060571,0.35599907171037365,0.35599907171037365,0.34903689951264794,0.34857275469946625,0.35599907171037365,0.35599907171037365,0.35599907171037365,0.34857275469946625,0.35599907171037365,0.35599907171037365,0.35599907171037365,0.35599907171037365,0.32371942778034146,0.3566952889301462,0.3488048271060571,0.35599907171037365,0.3488048271060571,0.34857275469946625,0.35599907171037365,0.34857275469946625,0.23813617606602475,0.35599907171037365,0.35599907171037365,0.35599907171037365,0.34857275469946625,0.3566952889301462,0.35599907171037365,0.35599907171037365,0.35599907171037365,0.35599907171037365,0.3234955038044731,0.35599907171037365,0.35599907171037365,0.35599907171037365,0.3488048271060571,0.3566952889301462,0.35599907171037365,0.34857275469946625
0.7440661874406619,0.7045978570459785,0.6788281567882816,0.6639088566390886,0.0,0.6461413264614133,0.6400379764003797,0.6434287264342873,0.6751661467516614,0.6610606266106063,0.6750305167503051,0.6617387766173878,0.6751661467516614,0.6413942764139428,0.6751661467516614,0.6411230164112302,0.6620100366201004,0.6618744066187441,0.6413942764139428,0.6620100366201004,0.659568696595687,0.6753017767530177,0.6411230164112302,0.6620100366201004,0.6598399565983996,0.6729960667299607,0.6750305167503051,0.6409873864098738,0.6620100366201004,0.659568696595687,0.6729960667299607,0.0138342601383426,0.6751661467516614,0.6415299064152991,0.6620100366201004,0.659568696595687,0.6729960667299607,0.6598399565983996,0.6728604367286044,0.6606537366065374,0.6413942764139428,0.6620100366201004,0.6598399565983996,0.6728604367286044,0.6606537366065374,0.6751661467516614,0.6422080564220806,0.6620100366201004,0.6597043265970433,0.6729960667299607,0.6598399565983996,0.6728604367286044,0.6606537366065374,0.6610606266106063,0.6725891767258918,0.6415299064152991,0.6620100366201004,0.6599755865997559,0.6729960667299607,0.6606537366065374,0.6750305167503051,0.6725891767258918,0.6416655364166554,0.6620100366201004,0.6598399565983996,0.6732673267326733,0.6606537366065374,0.6617387766173878,0.6725891767258918,0.6610606266106063,0.6724535467245355,0.6620100366201004,0.659568696595687,0.6729960667299607,0.6594330665943307,0.6732673267326733,0.6606537366065374,0.6751661467516614,0.6724535467245355,0.6594330665943307,0.6729960667299607,0.6606537366065374,0.6751661467516614,0.6725891767258918,0.6617387766173878,0.6724535467245355,0.6725891767258918,0.6729960667299607,0.6606537366065374,0.6618744066187441,0.6725891767258918,0.6725891767258918,0.659568696595687,0.6606537366065374,0.6753017767530177,0.6727248067272481,0.6725891767258918,0.6598399565983996,0.6724535467245355,0.6729960667299607,0.6606537366065374,0.6750305167503051,0.6725891767258918,0.6618744066187441,0.6727248067272481,0.6724535467245355,0.659568696595687,0.6729960667299607,0.6751661467516614,0.6724535467245355,0.6725891767258918,0.659568696595687,0.6724535467245355,0.6729960667299607,0.6598399565983996,0.6598399565983996,0.6725891767258918,0.6725891767258918,0.6725891767258918,0.6598399565983996,0.6728604367286044,0.6729960667299607,0.6725891767258918,0.6728604367286044,0.6751661467516614,0.6727248067272481,0.6597043265970433,0.6729960667299607,0.659568696595687,0.6598399565983996,0.6725891767258918,0.6598399565983996,0.6610606266106063,0.6724535467245355,0.6725891767258918,0.6725891767258918,0.6599755865997559,0.6727248067272481,0.6729960667299607,0.6728604367286044,0.6724535467245355,0.6728604367286044,0.6750305167503051,0.6728604367286044,0.6725891767258918,0.6724535467245355,0.6598399565983996,0.6732673267326733,0.6725891767258918,0.6598399565983996
0.37612732095490714,0.28594164456233423,0.2053050397877984,0.31863541424924574,0.6461413264614133,0.0,0.4199715594880708,0.006358087487283825,0.2018920166128288,0.17142365887207703,0.20198293751441088,0.17065610470122267,0.20212520212520213,0.027368964626904208,0.20217190388170056,0.02862300154718927,0.1402109596089529,0.16218270253837969,0.028121775025799794,0.14032382420971473,0.14400805639476336,0.2024525682554373,0.028372452927521278,0.14006682086867128,0.14382700528036207,0.20185676392572943,0.2023094688221709,0.027620030975735673,0.1399948625738505,0.14504776269482153,0.20238726790450928,0.6422396047756278,0.2020318633110136,0.026363401395709484,0.14006682086867128,0.14328808446455504,0.20238726790450928,0.14415094339622642,0.20238726790450928,0.1423125794155019,0.025859839668994054,0.14017489711934156,0.1436839456467036,0.20185676392572943,0.14242193450114243,0.2018920166128288,0.02510351966873706,0.14017489711934156,0.1447633434038268,0.20185676392572943,0.14307266784008046,0.20185676392572943,0.14216806296014217,0.17142365887207703,0.20318302387267906,0.02611168562564633,0.14024704065877508,0.1437924955930496,0.20185676392572943,0.14209591474245115,0.20198293751441088,0.20371352785145888,0.026866442779643503,0.14010282776349614,0.14479979853941072,0.18835192069392812,0.14216806296014217,0.17065610470122267,0.20371352785145888,0.17142365887207703,0.20371352785145888,0.14010282776349614,0.1442573510932395,0.20185676392572943,0.1448692152917505,0.1882119861317484,0.14227642276422764,0.20212520212520213,0.20318302387267906,0.14386317907444668,0.20238726790450928,0.14227642276422764,0.20217190388170056,0.20318302387267906,0.17065610470122267,0.20318302387267906,0.20318302387267906,0.20185676392572943,0.1423487544483986,0.16218270253837969,0.20318302387267906,0.20371352785145888,0.14400805639476336,0.14220416455053325,0.2024525682554373,0.1886094674556213,0.20371352785145888,0.14382700528036207,0.20371352785145888,0.20185676392572943,0.14220416455053325,0.2023094688221709,0.20318302387267906,0.16218270253837969,0.188470066518847,0.20318302387267906,0.14504776269482153,0.20238726790450928,0.2020318633110136,0.20371352785145888,0.20318302387267906,0.14328808446455504,0.20318302387267906,0.20238726790450928,0.14382700528036207,0.14415094339622642,0.20318302387267906,0.20318302387267906,0.20318302387267906,0.1436839456467036,0.20185676392572943,0.20238726790450928,0.20371352785145888,0.20238726790450928,0.2018920166128288,0.1886094674556213,0.1447633434038268,0.20185676392572943,0.14328808446455504,0.14307266784008046,0.20371352785145888,0.14415094339622642,0.17142365887207703,0.20371352785145888,0.20318302387267906,0.20318302387267906,0.1437924955930496,0.188470066518847,0.20185676392572943,0.20185676392572943,0.20318302387267906,0.20185676392572943,0.20198293751441088,0.20238726790450928,0.20371352785145888,0.20371352785145888,0.14479979853941072,0.18835192069392812,0.20318302387267906,0.14307266784008046
0.5449518091325644,0.5131932374782746,0.47021646389635013,0.28693316479696634,0.6400379764003797,0.4199715594880708,0.0,0.41949755095591723,0.4329277927002686,0.4081213461842313,0.4329277927002686,0.4081213461842313,0.4329277927002686,0.4176015168273029,0.4329277927002686,0.41712750829514933,0.43640385526939485,0.38546891624867,0.4169695054510981,0.43640385526939485,0.4346658239848317,0.4329277927002686,0.4169695054510981,0.43640385526939485,0.4346658239848317,0.454574182335282,0.4327697898562174,0.4172855111392005,0.43640385526939485,0.4345078211407805,0.45441617949123086,0.6370248387539453,0.4327697898562174,0.4174435139832517,0.43640385526939485,0.4346658239848317,0.4547321851793332,0.4346658239848317,0.454574182335282,0.4352978353610365,0.41712750829514933,0.43640385526939485,0.4346658239848317,0.454574182335282,0.4352978353610365,0.4329277927002686,0.4176015168273029,0.43640385526939485,0.4345078211407805,0.45441617949123086,0.4346658239848317,0.4547321851793332,0.4352978353610365,0.4081213461842313,0.454574182335282,0.4174435139832517,0.43640385526939485,0.4346658239848317,0.454574182335282,0.4352978353610365,0.4329277927002686,0.45441617949123086,0.4172855111392005,0.43640385526939485,0.4345078211407805,0.4492020856375415,0.4352978353610365,0.4081213461842313,0.4547321851793332,0.4081213461842313,0.454574182335282,0.43640385526939485,0.4345078211407805,0.4547321851793332,0.4345078211407805,0.4492020856375415,0.4352978353610365,0.4329277927002686,0.454574182335282,0.4346658239848317,0.454574182335282,0.4352978353610365,0.4329277927002686,0.45441617949123086,0.4081213461842313,0.4547321851793332,0.454574182335282,0.4547321851793332,0.4352978353610365,0.38546891624867,0.454574182335282,0.45441617949123086,0.4346658239848317,0.4352978353610365,0.4329277927002686,0.4492020856375415,0.4547321851793332,0.4346658239848317,0.454574182335282,0.454574182335282,0.4352978353610365,0.4327697898562174,0.4547321851793332,0.38546891624867,0.4492020856375415,0.454574182335282,0.4345078211407805,0.45441617949123086,0.4327697898562174,0.454574182335282,0.45441617949123086,0.4346658239848317,0.4547321851793332,0.4547321851793332,0.4346658239848317,0.4346658239848317,0.454574182335282,0.4547321851793332,0.454574182335282,0.4346658239848317,0.454574182335282,0.45441617949123086,0.45441617949123086,0.454574182335282,0.4329277927002686,0.4492020856375415,0.4345078211407805,0.45441617949123086,0.4346658239848317,0.4346658239848317,0.4547321851793332,0.4346658239848317,0.4081213461842313,0.454574182335282,0.454574182335282,0.4547321851793332,0.4346658239848317,0.4492020856375415,0.454574182335282,0.454574182335282,0.454574182335282,0.4547321851793332,0.4329277927002686,0.454574182335282,0.45441617949123086,0.454574182335282,0.4345078211407805,0.4492020856375415,0.45441617949123086,0.4346658239848317
0.36673448626653105,0.280264496439471,0.20320447609359105,0.3197957762822001,0.6434287264342873,0.006358087487283825,0.41949755095591723,0.0,0.2071988924780803,0.17365887207702888,0.2072861424948121,0.17289478215946272,0.20743820743820743,0.033316378433367246,0.20748613678373382,0.03458799593082401,0.14267548321464904,0.16355069159446725,0.0340793489318413,0.14292980671414038,0.14753272910372608,0.2077741786210088,0.03433367243133265,0.14267548321464904,0.14734724666834298,0.1996439471007121,0.20762124711316396,0.0335707019328586,0.14267548321464904,0.1480643539467069,0.20015259409969482,0.6394949910800055,0.20734241514661741,0.03229908443540183,0.14267548321464904,0.146807440925088,0.19989827060020346,0.14767295597484276,0.20015259409969482,0.14078780177890723,0.03179043743641913,0.14267548321464904,0.14720684448917967,0.1996439471007121,0.1408987052551409,0.2071988924780803,0.031027466937945065,0.14267548321464904,0.14828801611278952,0.1996439471007121,0.14659290922806134,0.1996439471007121,0.14064483371414063,0.17365887207702888,0.19837232960325535,0.03204476093591048,0.14267548321464904,0.14731805590531352,0.1996439471007121,0.14057345851306774,0.2072861424948121,0.19888097660223805,0.032807731434384535,0.14267548321464904,0.1478217073784941,0.1942998760842627,0.14064483371414063,0.17289478215946272,0.1986266531027467,0.17365887207702888,0.19888097660223805,0.14267548321464904,0.14777582307112339,0.1996439471007121,0.14839034205231388,0.19415552253590887,0.1407520325203252,0.20743820743820743,0.19837232960325535,0.14738430583501005,0.19989827060020346,0.1407520325203252,0.20748613678373382,0.19837232960325535,0.17289478215946272,0.19837232960325535,0.19837232960325535,0.1996439471007121,0.14082358922216573,0.16355069159446725,0.19837232960325535,0.19888097660223805,0.14753272910372608,0.14068054850177755,0.2077741786210088,0.19206114398422092,0.1986266531027467,0.14734724666834298,0.19888097660223805,0.1996439471007121,0.14068054850177755,0.20762124711316396,0.19837232960325535,0.16355069159446725,0.1919191919191919,0.19837232960325535,0.1480643539467069,0.20015259409969482,0.20734241514661741,0.1986266531027467,0.19837232960325535,0.146807440925088,0.19837232960325535,0.19989827060020346,0.14734724666834298,0.14767295597484276,0.19837232960325535,0.19837232960325535,0.19837232960325535,0.14720684448917967,0.1996439471007121,0.20015259409969482,0.19888097660223805,0.20015259409969482,0.2071988924780803,0.19206114398422092,0.14828801611278952,0.1996439471007121,0.146807440925088,0.14659290922806134,0.1986266531027467,0.14767295597484276,0.17365887207702888,0.19888097660223805,0.19837232960325535,0.19837232960325535,0.14731805590531352,0.1919191919191919,0.1996439471007121,0.1996439471007121,0.19837232960325535,0.1996439471007121,0.2072861424948121,0.20015259409969482,0.19888097660223805,0.1986266531027467,0.1478217073784941,0.1942998760842627,0.19837232960325535,0.14659290922806134
0.2508075680664513,0.170973696354407,0.1389017074296262,0.32371942778034146,0.6751661467516614,0.2018920166128288,0.4329277927002686,0.2071988924780803,0.0,0.07909215955983494,0.0018445930366612867,0.0776648872050973,0.0013844023996308261,0.2238117212736502,0.0013844023996308261,0.2242731887401938,0.21435163820950623,0.08496732026143791,0.2238117212736502,0.21458237194277804,0.22565759113982464,0.0013844023996308261,0.2242731887401938,0.21435163820950623,0.22658052607291185,0.16635902168897093,0.0018458698661744347,0.2235809875403784,0.21435163820950623,0.22634979233964006,0.16682048915551453,0.6716069713187869,0.0013844023996308261,0.22219658514074758,0.21435163820950623,0.22588832487309646,0.16682048915551453,0.22611905860636825,0.16705122288878635,0.2173511767420397,0.22196585140747577,0.21435163820950623,0.22565759113982464,0.16658975542224272,0.2175819104753115,0.0,0.22173511767420398,0.21435163820950623,0.22542685740655283,0.16658975542224272,0.22588832487309646,0.16658975542224272,0.2173511767420397,0.07909215955983494,0.16705122288878635,0.22219658514074758,0.21435163820950623,0.22565759113982464,0.16658975542224272,0.2173511767420397,0.0018445930366612867,0.16751269035532995,0.2231195200738348,0.21435163820950623,0.22611905860636825,0.17420396862021229,0.2173511767420397,0.0776648872050973,0.16751269035532995,0.07909215955983494,0.16774342408860177,0.21435163820950623,0.22704199353945548,0.16658975542224272,0.22658052607291185,0.17420396862021229,0.2173511767420397,0.0013844023996308261,0.16728195662205814,0.22588832487309646,0.16682048915551453,0.2173511767420397,0.0013844023996308261,0.16728195662205814,0.0776648872050973,0.16728195662205814,0.16705122288878635,0.16658975542224272,0.2173511767420397,0.08496732026143791,0.16728195662205814,0.16751269035532995,0.22565759113982464,0.2173511767420397,0.0013844023996308261,0.17489616982002767,0.16751269035532995,0.22658052607291185,0.16774342408860177,0.16635902168897093,0.2173511767420397,0.0018458698661744347,0.16728195662205814,0.08496732026143791,0.17489616982002767,0.16728195662205814,0.22634979233964006,0.16682048915551453,0.0013844023996308261,0.16751269035532995,0.16728195662205814,0.22588832487309646,0.16728195662205814,0.16682048915551453,0.22658052607291185,0.22611905860636825,0.16705122288878635,0.16728195662205814,0.16728195662205814,0.22565759113982464,0.16658975542224272,0.16682048915551453,0.16751269035532995,0.16705122288878635,0.0,0.17489616982002767,0.22542685740655283,0.16658975542224272,0.22588832487309646,0.22588832487309646,0.16751269035532995,0.22611905860636825,0.07909215955983494,0.16774342408860177,0.16705122288878635,0.16728195662205814,0.22565759113982464,0.17489616982002767,0.16658975542224272,0.16658975542224272,0.16728195662205814,0.16658975542224272,0.0018445930366612867,0.16705122288878635,0.16751269035532995,0.16751269035532995,0.22611905860636825,0.17420396862021229,0.16728195662205814,0.22588832487309646
0.26014442916093533,0.20512379642365888,0.17400275103163687,0.23813617606602475,0.6610606266106063,0.17142365887207703,0.4081213461842313,0.17365887207702888,0.07909215955983494,0.0,0.07874828060522696,0.003094910591471802,0.07840440165061899,0.1798486932599725,0.07943603851444292,0.18002063273727648,0.1906808803301238,0.019455844353245173,0.18036451169188444,0.1906808803301238,0.19291609353507566,0.07943603851444292,0.18002063273727648,0.1906808803301238,0.19325997248968363,0.16970426409903713,0.07874828060522696,0.18002063273727648,0.1906808803301238,0.1934319119669876,0.16970426409903713,0.6574722107863318,0.07926409903713892,0.17916093535075653,0.1906808803301238,0.19291609353507566,0.16970426409903713,0.19308803301237965,0.16970426409903713,0.1906808803301238,0.17916093535075653,0.1906808803301238,0.19274415405777168,0.16970426409903713,0.1908528198074278,0.07909215955983494,0.17881705639614856,0.1906808803301238,0.19291609353507566,0.16970426409903713,0.19240027510316368,0.16970426409903713,0.1906808803301238,0.0,0.16970426409903713,0.17916093535075653,0.1906808803301238,0.19274415405777168,0.16970426409903713,0.1906808803301238,0.07874828060522696,0.16970426409903713,0.1798486932599725,0.1906808803301238,0.19308803301237965,0.16471801925722146,0.1906808803301238,0.003094910591471802,0.16970426409903713,0.0,0.16970426409903713,0.1906808803301238,0.19325997248968363,0.16970426409903713,0.19325997248968363,0.16471801925722146,0.1906808803301238,0.07840440165061899,0.16970426409903713,0.19240027510316368,0.16970426409903713,0.1906808803301238,0.07943603851444292,0.16970426409903713,0.003094910591471802,0.16970426409903713,0.16970426409903713,0.16970426409903713,0.1906808803301238,0.019455844353245173,0.16970426409903713,0.16970426409903713,0.19291609353507566,0.1906808803301238,0.07943603851444292,0.16471801925722146,0.16970426409903713,0.19308803301237965,0.16970426409903713,0.16970426409903713,0.1906808803301238,0.07874828060522696,0.16970426409903713,0.019455844353245173,0.16471801925722146,0.16970426409903713,0.1934319119669876,0.16970426409903713,0.07926409903713892,0.16970426409903713,0.16970426409903713,0.19291609353507566,0.16970426409903713,0.16970426409903713,0.19308803301237965,0.19291609353507566,0.16970426409903713,0.16970426409903713,0.16970426409903713,0.19257221458046767,0.16970426409903713,0.16970426409903713,0.16970426409903713,0.16970426409903713,0.07909215955983494,0.16471801925722146,0.19291609353507566,0.16970426409903713,0.19291609353507566,0.19257221458046767,0.16970426409903713,0.19308803301237965,0.0,0.16970426409903713,0.16970426409903713,0.16970426409903713,0.19274415405777168,0.16471801925722146,0.16970426409903713,0.16970426409903713,0.16970426409903713,0.16970426409903713,0.07874828060522696,0.16970426409903713,0.16970426409903713,0.16970426409903713,0.19308803301237965,0.16471801925722146,0.16970426409903713,0.19257221458046767
0.2510952271155176,0.171316578279917,0.13926677426792713,0.3234955038044731,0.6750305167503051,0.20198293751441088,0.4329277927002686,0.2072861424948121,0.0018445930366612867,0.07874828060522696,0.0,0.07783709316342345,0.001383444777495965,0.223656905695181,0.0018445930366612867,0.224348628083929,0.2142033663822919,0.08511931904544763,0.223656905695181,0.21443394051187456,0.22550149873184228,0.0018445930366612867,0.224348628083929,0.2142033663822919,0.22642379525017292,0.16670509568826378,0.001383444777495965,0.223656905695181,0.2142033663822919,0.22619322112059026,0.1671662439474291,0.6714697406340058,0.0018445930366612867,0.22204288678810238,0.2142033663822919,0.22573207286142494,0.16693566981784644,0.2259626469910076,0.1671662439474291,0.2172008300668665,0.22227346091768505,0.2142033663822919,0.22550149873184228,0.16670509568826378,0.21743140419644916,0.0018445930366612867,0.22181231265851972,0.2142033663822919,0.22527092460225961,0.16670509568826378,0.22573207286142494,0.16670509568826378,0.2172008300668665,0.07874828060522696,0.16739681807701176,0.22227346091768505,0.2142033663822919,0.22550149873184228,0.16670509568826378,0.2172008300668665,0.0,0.16785796633617708,0.22342633156559835,0.2142033663822919,0.2259626469910076,0.1740834678349089,0.2172008300668665,0.07783709316342345,0.16762739220659442,0.07874828060522696,0.16785796633617708,0.2142033663822919,0.22688494350933824,0.16647452155868112,0.22642379525017292,0.1740834678349089,0.2172008300668665,0.001383444777495965,0.16739681807701176,0.22573207286142494,0.16693566981784644,0.2172008300668665,0.0018445930366612867,0.16739681807701176,0.07783709316342345,0.16739681807701176,0.16739681807701176,0.16670509568826378,0.2172008300668665,0.08511931904544763,0.16739681807701176,0.16785796633617708,0.22550149873184228,0.2172008300668665,0.0018445930366612867,0.1747751902236569,0.16762739220659442,0.22642379525017292,0.16785796633617708,0.16670509568826378,0.2172008300668665,0.001383444777495965,0.1671662439474291,0.08511931904544763,0.1747751902236569,0.16739681807701176,0.22619322112059026,0.1671662439474291,0.0018445930366612867,0.16762739220659442,0.16739681807701176,0.22573207286142494,0.16739681807701176,0.16693566981784644,0.22642379525017292,0.2259626469910076,0.16739681807701176,0.16739681807701176,0.16739681807701176,0.22550149873184228,0.16670509568826378,0.1671662439474291,0.16785796633617708,0.1671662439474291,0.0018445930366612867,0.1747751902236569,0.22527092460225961,0.16670509568826378,0.22573207286142494,0.22573207286142494,0.16762739220659442,0.2259626469910076,0.07874828060522696,0.16785796633617708,0.16739681807701176,0.1671662439474291,0.22550149873184228,0.1747751902236569,0.16670509568826378,0.16670509568826378,0.16739681807701176,0.16670509568826378,0.0,0.1671662439474291,0.16785796633617708,0.16762739220659442,0.2259626469910076,0.1740834678349089,0.16739681807701176,0.22573207286142494
0.2588255553642156,0.20371964869984502,0.1725503702428104,0.23798863440675047,0.6617387766173878,0.17065610470122267,0.4081213461842313,0.17289478215946272,0.0776648872050973,0.003094910591471802,0.07783709316342345,0.0,0.0776648872050973,0.17926640261753057,0.0776648872050973,0.17978302049250905,0.18942655415877388,0.017935856513147896,0.17978302049250905,0.18959876011710006,0.19149302565868778,0.07783709316342345,0.17978302049250905,0.18942655415877388,0.1918374375753401,0.16841742724298261,0.0776648872050973,0.17978302049250905,0.18942655415877388,0.19218184949199243,0.16841742724298261,0.6581583642102374,0.0776648872050973,0.17892199070087825,0.18942655415877388,0.19149302565868778,0.16841742724298261,0.19166523161701396,0.16841742724298261,0.18942655415877388,0.1787497847425521,0.18942655415877388,0.19132081970036163,0.16841742724298261,0.18959876011710006,0.0776648872050973,0.17857757878422592,0.18942655415877388,0.19166523161701396,0.16841742724298261,0.19114861374203548,0.16841742724298261,0.18942655415877388,0.003094910591471802,0.16841742724298261,0.17892199070087825,0.18942655415877388,0.19132081970036163,0.16841742724298261,0.18942655415877388,0.07783709316342345,0.16841742724298261,0.17926640261753057,0.18942655415877388,0.1918374375753401,0.16342345445152404,0.18942655415877388,0.0,0.16841742724298261,0.003094910591471802,0.16841742724298261,0.18942655415877388,0.1918374375753401,0.16841742724298261,0.1918374375753401,0.16342345445152404,0.18942655415877388,0.0776648872050973,0.16841742724298261,0.19149302565868778,0.16841742724298261,0.18942655415877388,0.0776648872050973,0.16841742724298261,0.0,0.16841742724298261,0.16841742724298261,0.16841742724298261,0.18942655415877388,0.017935856513147896,0.16841742724298261,0.16841742724298261,0.19149302565868778,0.18942655415877388,0.07783709316342345,0.16342345445152404,0.16841742724298261,0.1918374375753401,0.16841742724298261,0.16841742724298261,0.18942655415877388,0.0776648872050973,0.16841742724298261,0.017935856513147896,0.16342345445152404,0.16841742724298261,0.19218184949199243,0.16841742724298261,0.0776648872050973,0.16841742724298261,0.16841742724298261,0.19149302565868778,0.16841742724298261,0.16841742724298261,0.1918374375753401,0.19166523161701396,0.16841742724298261,0.16841742724298261,0.16841742724298261,0.19132081970036163,0.16841742724298261,0.16841742724298261,0.16841742724298261,0.16841742724298261,0.0776648872050973,0.16342345445152404,0.19166523161701396,0.16841742724298261,0.19149302565868778,0.19114861374203548,0.16841742724298261,0.19166523161701396,0.003094910591471802,0.16841742724298261,0.16841742724298261,0.16841742724298261,0.19132081970036163,0.16342345445152404,0.16841742724298261,0.16841742724298261,0.16841742724298261,0.16841742724298261,0.07783709316342345,0.16841742724298261,0.16841742724298261,0.16841742724298261,0.1918374375753401,0.16342345445152404,0.16841742724298261,0.19114861374203548
0.2510972510972511,0.17117117117117117,0.13906213906213907,0.3240933240933241,0.6751661467516614,0.20212520212520213,0.4329277927002686,0.20743820743820743,0.0013844023996308261,0.07840440165061899,0.001383444777495965,0.0776648872050973,0.0,0.22383922383922383,0.001386001386001386,0.22453222453222454,0.2145992145992146,0.08496732026143791,0.22407022407022406,0.21483021483021483,0.2259182259182259,0.001386001386001386,0.22453222453222454,0.2145992145992146,0.22684222684222685,0.16678216678216679,0.0013856812933025404,0.22383922383922383,0.2145992145992146,0.22661122661122662,0.16724416724416724,0.6714697406340058,0.001385361348418379,0.2222222222222222,0.2145992145992146,0.22614922614922614,0.16678216678216679,0.22638022638022637,0.16724416724416724,0.2176022176022176,0.22245322245322247,0.2145992145992146,0.2259182259182259,0.16678216678216679,0.21783321783321782,0.0013844023996308261,0.22199122199122198,0.2145992145992146,0.22568722568722568,0.16655116655116656,0.22614922614922614,0.16678216678216679,0.2176022176022176,0.07840440165061899,0.16747516747516747,0.22245322245322247,0.2145992145992146,0.2259182259182259,0.16678216678216679,0.2176022176022176,0.001383444777495965,0.16793716793716792,0.2236082236082236,0.2145992145992146,0.22638022638022637,0.17440517440517442,0.2176022176022176,0.0776648872050973,0.16747516747516747,0.07840440165061899,0.16793716793716792,0.2145992145992146,0.2273042273042273,0.16678216678216679,0.22684222684222685,0.17440517440517442,0.2176022176022176,0.0,0.16747516747516747,0.22614922614922614,0.167013167013167,0.2176022176022176,0.001386001386001386,0.16724416724416724,0.0776648872050973,0.16747516747516747,0.16747516747516747,0.16678216678216679,0.2176022176022176,0.08496732026143791,0.16747516747516747,0.16793716793716792,0.2259182259182259,0.2176022176022176,0.001386001386001386,0.1750981750981751,0.16747516747516747,0.22684222684222685,0.16793716793716792,0.16678216678216679,0.2176022176022176,0.0013856812933025404,0.16747516747516747,0.08496732026143791,0.1750981750981751,0.16747516747516747,0.22661122661122662,0.16724416724416724,0.001385361348418379,0.1677061677061677,0.16724416724416724,0.22614922614922614,0.16747516747516747,0.16678216678216679,0.22684222684222685,0.22638022638022637,0.16747516747516747,0.16747516747516747,0.16747516747516747,0.2259182259182259,0.16678216678216679,0.16724416724416724,0.16793716793716792,0.16724416724416724,0.0013844023996308261,0.1750981750981751,0.22568722568722568,0.16655116655116656,0.22614922614922614,0.22614922614922614,0.16747516747516747,0.22638022638022637,0.07840440165061899,0.16793716793716792,0.16747516747516747,0.16747516747516747,0.2259182259182259,0.1750981750981751,0.16678216678216679,0.16678216678216679,0.16747516747516747,0.16678216678216679,0.001383444777495965,0.16724416724416724,0.16793716793716792,0.1677061677061677,0.22638022638022637,0.17440517440517442,0.16724416724416724,0.22614922614922614
